{
 "cells": [
  {
   "cell_type": "code",
   "execution_count": 5,
   "metadata": {},
   "outputs": [],
   "source": [
    "import numpy "
   ]
  },
  {
   "cell_type": "code",
   "execution_count": 6,
   "metadata": {},
   "outputs": [],
   "source": [
    "ts = numpy.loadtxt(\"trainingSet.txt\", usecols=[1,2,3])#numpy.loadtxt('c:\\\\Python_fiddling\\\\myProject\\\\MF\\\\trainingSet.txt',usecols=[1,2,3])\n",
    "X = ts[:,0:2]\n",
    "Y = ts[:,2]"
   ]
  },
  {
   "cell_type": "code",
   "execution_count": 7,
   "metadata": {},
   "outputs": [
    {
     "data": {
      "text/plain": [
       "array([[-10., -10.],\n",
       "       [-10.,  -8.],\n",
       "       [-10.,  -6.],\n",
       "       [-10.,  -4.],\n",
       "       [-10.,  -2.],\n",
       "       [-10.,   0.],\n",
       "       [-10.,   2.],\n",
       "       [-10.,   4.],\n",
       "       [-10.,   6.],\n",
       "       [-10.,   8.],\n",
       "       [-10.,  10.],\n",
       "       [ -8., -10.],\n",
       "       [ -8.,  -8.],\n",
       "       [ -8.,  -6.],\n",
       "       [ -8.,  -4.],\n",
       "       [ -8.,  -2.],\n",
       "       [ -8.,   0.],\n",
       "       [ -8.,   2.],\n",
       "       [ -8.,   4.],\n",
       "       [ -8.,   6.],\n",
       "       [ -8.,   8.],\n",
       "       [ -8.,  10.],\n",
       "       [ -6., -10.],\n",
       "       [ -6.,  -8.],\n",
       "       [ -6.,  -6.],\n",
       "       [ -6.,  -4.],\n",
       "       [ -6.,  -2.],\n",
       "       [ -6.,   0.],\n",
       "       [ -6.,   2.],\n",
       "       [ -6.,   4.],\n",
       "       [ -6.,   6.],\n",
       "       [ -6.,   8.],\n",
       "       [ -6.,  10.],\n",
       "       [ -4., -10.],\n",
       "       [ -4.,  -8.],\n",
       "       [ -4.,  -6.],\n",
       "       [ -4.,  -4.],\n",
       "       [ -4.,  -2.],\n",
       "       [ -4.,   0.],\n",
       "       [ -4.,   2.],\n",
       "       [ -4.,   4.],\n",
       "       [ -4.,   6.],\n",
       "       [ -4.,   8.],\n",
       "       [ -4.,  10.],\n",
       "       [ -2., -10.],\n",
       "       [ -2.,  -8.],\n",
       "       [ -2.,  -6.],\n",
       "       [ -2.,  -4.],\n",
       "       [ -2.,  -2.],\n",
       "       [ -2.,   0.],\n",
       "       [ -2.,   2.],\n",
       "       [ -2.,   4.],\n",
       "       [ -2.,   6.],\n",
       "       [ -2.,   8.],\n",
       "       [ -2.,  10.],\n",
       "       [  0., -10.],\n",
       "       [  0.,  -8.],\n",
       "       [  0.,  -6.],\n",
       "       [  0.,  -4.],\n",
       "       [  0.,  -2.],\n",
       "       [  0.,   0.],\n",
       "       [  0.,   2.],\n",
       "       [  0.,   4.],\n",
       "       [  0.,   6.],\n",
       "       [  0.,   8.],\n",
       "       [  0.,  10.],\n",
       "       [  2., -10.],\n",
       "       [  2.,  -8.],\n",
       "       [  2.,  -6.],\n",
       "       [  2.,  -4.],\n",
       "       [  2.,  -2.],\n",
       "       [  2.,   0.],\n",
       "       [  2.,   2.],\n",
       "       [  2.,   4.],\n",
       "       [  2.,   6.],\n",
       "       [  2.,   8.],\n",
       "       [  2.,  10.],\n",
       "       [  4., -10.],\n",
       "       [  4.,  -8.],\n",
       "       [  4.,  -6.],\n",
       "       [  4.,  -4.],\n",
       "       [  4.,  -2.],\n",
       "       [  4.,   0.],\n",
       "       [  4.,   2.],\n",
       "       [  4.,   4.],\n",
       "       [  4.,   6.],\n",
       "       [  4.,   8.],\n",
       "       [  4.,  10.],\n",
       "       [  6., -10.],\n",
       "       [  6.,  -8.],\n",
       "       [  6.,  -6.],\n",
       "       [  6.,  -4.],\n",
       "       [  6.,  -2.],\n",
       "       [  6.,   0.],\n",
       "       [  6.,   2.],\n",
       "       [  6.,   4.],\n",
       "       [  6.,   6.],\n",
       "       [  6.,   8.],\n",
       "       [  6.,  10.],\n",
       "       [  8., -10.],\n",
       "       [  8.,  -8.],\n",
       "       [  8.,  -6.],\n",
       "       [  8.,  -4.],\n",
       "       [  8.,  -2.],\n",
       "       [  8.,   0.],\n",
       "       [  8.,   2.],\n",
       "       [  8.,   4.],\n",
       "       [  8.,   6.],\n",
       "       [  8.,   8.],\n",
       "       [  8.,  10.],\n",
       "       [ 10., -10.],\n",
       "       [ 10.,  -8.],\n",
       "       [ 10.,  -6.],\n",
       "       [ 10.,  -4.],\n",
       "       [ 10.,  -2.],\n",
       "       [ 10.,   0.],\n",
       "       [ 10.,   2.],\n",
       "       [ 10.,   4.],\n",
       "       [ 10.,   6.],\n",
       "       [ 10.,   8.],\n",
       "       [ 10.,  10.]])"
      ]
     },
     "execution_count": 7,
     "metadata": {},
     "output_type": "execute_result"
    }
   ],
   "source": [
    "X"
   ]
  },
  {
   "cell_type": "code",
   "execution_count": 8,
   "metadata": {},
   "outputs": [
    {
     "data": {
      "text/plain": [
       "array([ 0.00295959, -0.0067279 ,  0.00253347,  0.01029291, -0.02473385,\n",
       "       -0.05440211, -0.02473385,  0.01029291,  0.00253347, -0.0067279 ,\n",
       "        0.00295959, -0.0067279 ,  0.01529421, -0.00575921, -0.0233984 ,\n",
       "        0.05622631,  0.12366978,  0.05622631, -0.0233984 , -0.00575921,\n",
       "        0.01529421, -0.0067279 ,  0.00253347, -0.00575921,  0.0021687 ,\n",
       "        0.00881093, -0.02117265, -0.04656925, -0.02117265,  0.00881093,\n",
       "        0.0021687 , -0.00575921,  0.00253347,  0.01029291, -0.0233984 ,\n",
       "        0.00881093,  0.03579688, -0.08601982, -0.18920062, -0.08601982,\n",
       "        0.03579688,  0.00881093, -0.0233984 ,  0.01029291, -0.02473385,\n",
       "        0.05622631, -0.02117265, -0.08601982,  0.20670545,  0.45464871,\n",
       "        0.20670545, -0.08601982, -0.02117265,  0.05622631, -0.02473385,\n",
       "       -0.05440211,  0.12366978, -0.04656925, -0.18920062,  0.45464871,\n",
       "        1.        ,  0.45464871, -0.18920062, -0.04656925,  0.12366978,\n",
       "       -0.05440211, -0.02473385,  0.05622631, -0.02117265, -0.08601982,\n",
       "        0.20670545,  0.45464871,  0.20670545, -0.08601982, -0.02117265,\n",
       "        0.05622631, -0.02473385,  0.01029291, -0.0233984 ,  0.00881093,\n",
       "        0.03579688, -0.08601982, -0.18920062, -0.08601982,  0.03579688,\n",
       "        0.00881093, -0.0233984 ,  0.01029291,  0.00253347, -0.00575921,\n",
       "        0.0021687 ,  0.00881093, -0.02117265, -0.04656925, -0.02117265,\n",
       "        0.00881093,  0.0021687 , -0.00575921,  0.00253347, -0.0067279 ,\n",
       "        0.01529421, -0.00575921, -0.0233984 ,  0.05622631,  0.12366978,\n",
       "        0.05622631, -0.0233984 , -0.00575921,  0.01529421, -0.0067279 ,\n",
       "        0.00295959, -0.0067279 ,  0.00253347,  0.01029291, -0.02473385,\n",
       "       -0.05440211, -0.02473385,  0.01029291,  0.00253347, -0.0067279 ,\n",
       "        0.00295959])"
      ]
     },
     "execution_count": 8,
     "metadata": {},
     "output_type": "execute_result"
    }
   ],
   "source": [
    "Y"
   ]
  },
  {
   "cell_type": "code",
   "execution_count": null,
   "metadata": {},
   "outputs": [],
   "source": []
  }
 ],
 "metadata": {
  "kernelspec": {
   "display_name": "Python 3",
   "language": "python",
   "name": "python3"
  },
  "language_info": {
   "codemirror_mode": {
    "name": "ipython",
    "version": 3
   },
   "file_extension": ".py",
   "mimetype": "text/x-python",
   "name": "python",
   "nbconvert_exporter": "python",
   "pygments_lexer": "ipython3",
   "version": "3.7.6"
  }
 },
 "nbformat": 4,
 "nbformat_minor": 4
}
